IDX  TIME_MS  B0   B1   B2   B3   CH0    CH1
000  000039  029  014  038  014  03613  03622
001  000060  095  023  014  040  05983  10254
002  000082  014  091  021  014  23310  03605
003  000103  027  014  076  025  03611  06476
004  000103  014  022  014  075  05646  19214
005  000125  014  014  023  014  03598  03607
006  000146  065  007  014  023  01857  05902
007  000168  014  058  011  014  14862  03595
008  000189  012  014  051  007  03596  01843
009  000190  014  009  014  044  02318  11278
010  000211  005  014  001  014  03589  03585
011  000232  034  022  014  003  05666  00782
012  000254  014  053  034  014  13582  03618
013  000275  007  014  069  034  03591  08773
014  000275  014  019  014  081  04878  20750
015  000297  043  014  035  014  03627  03619
016  000318  106  038  014  035  09834  08974
017  000340  014  101  028  014  25870  03612
018  000361  039  014  095  023  03623  05983
019  000361  014  035  014  086  08974  22030
020  000382  029  014  025  014  03613  03609
021  000405  082  019  014  022  04946  05646
022  000425  014  069  007  014  17678  03591
023  000447  025  014  060  007  03609  01852
024  000447  014  014  014  049  03598  12558
025  000469  009  014  006  014  03593  03590
026  000490  043  008  014  002  02091  00526
027  000512  014  038  014  014  09742  03598
028  000533  003  014  045  028  03587  07213
029  000533  014  006  014  062  01550  15886
030  000554  034  014  021  014  03618  03605
031  000576  083  035  014  031  09043  07950
032  000598  014  094  038  014  24078  03622
033  000619  034  014  100  032  03618  08292
034  000620  014  038  014  098  09742  25102
035  000640  023  014  037  014  03607  03621
036  000662  088  027  014  032  07000  08206
037  000684  014  087  024  014  22286  03608
038  000705  019  014  071  014  03603  03655
039  000705  014  023  014  065  05902  16654
040  000727  006  014  021  014  03590  03605
041  000748  055  007  014  010  01847  02574
042  000769  014  045  007  014  11534  03591
043  000791  009  014  044  009  03593  02348
044  000791  014  008  014  045  02062  11534
045  000812  021  014  002  014  03605  03586
046  000834  051  033  014  008  08499  02062
047  000856  014  069  037  014  17678  03621
048  000877  025  014  090  037  03609  09562
049  000877  014  036  014  101  09230  25870
050  000899  041  014  036  014  03625  03620
051  000920  105  030  014  035  07785  08974
052  000941  014  093  028  014  23822  03612
053  000963  035  014  091  025  03619  06491
054  000963  014  020  014  073  05134  18702
055  000984  016  014  021  014  03600  03605
056  001006  065  007  014  026  01857  06670
057  001027  014  061  002  014  15630  03586
058  001049  016  014  046  010  03600  02606
059  001049  014  008  014  046  02062  11790

SUMMARY
BYTES=240
PACKETS=60
TAIL_BYTES=0
HZ=57.17
CH0_MIN=1550
CH0_AVG=7235.22
CH0_MAX=25870
CH1_MIN=526
CH1_AVG=7191.92
