IDX  TIME_MS  B00  B01  B02  B03  B04  B05  B06  B07  B08  B09  B10  B11  B12  B13  B14  B15  B16  B17  B18  B19  A_CH0  A_CH1  B_CH0  B_CH1
000  000017  254  019  014  025  014  072  068  009  011  014  012  014  017  014  057  004  014  009  014  041  05118  06414  03596  03601
001  000104  010  014  009  014  047  019  014  006  014  053  032  014  010  014  070  034  014  025  014  087  03594  03593  03616  03594
002  000189  039  014  033  014  100  039  014  035  014  102  027  014  041  014  096  021  014  032  014  081  03623  03617  03611  03625
003  000276  028  014  026  014  082  018  014  022  014  068  008  014  027  014  063  007  014  013  014  048  03612  03610  03592  03611
004  000361  007  014  004  014  039  008  014  009  014  045  015  014  004  014  047  027  014  007  014  062  03591  03588  03599  03588
005  000447  036  014  017  014  081  037  014  031  014  096  038  014  035  014  101  032  014  038  014  098  03620  03601  03622  03619
006  000533  025  014  038  014  091  026  014  028  014  082  026  014  024  014  078  011  014  026  014  065  03609  03622  03610  03608
007  000619  009  014  021  014  058  007  014  008  014  043  002  014  006  014  036  012  014  009  014  049  03593  03605  03586  03590
008  000705  024  014  005  014  057  033  014  010  014  071  033  014  032  014  093  039  014  036  014  103  03608  03589  03617  03616
009  000791  033  014  035  014  096  024  014  037  014  089  022  014  031  014  081  026  014  022  014  076  03617  03619  03606  03615
010  000878  012  014  027  014  067  011  014  024  014  063  007  014  013  014  048  005  014  006  014  039  03596  03611  03591  03597
011  000963  010  014  006  014  044  019  014  009  014  056  031  014  010  014  069  032  014  023  014  083  03594  03590  03615  03594
012  001049  036  014  034  014  098  039  014  036  014  103  031  014  039  014  098  020  014  033  014  081  03620  03618  03615  03623
013  001135  028  014  028  014  084  018  014  022  014  068  011  014  028  014  067  007  014  017  014  052  03612  03612  03595  03612
014  001221  009  014  008  014  045  008  014  006  014  042  013  014  005  014  046  029  014  004  014  061  03593  03592  03597  03589
015  001307  037  014  017  014  082  037  014  032  014  097  038  014  033  014  099  029  014  034  014  091  03621  03601  03622  03617
016  001393  021  014  038  014  087  026  014  031  014  085  025  014  024  014  077  015  014  025  014  068  03605  03622  03609  03608
017  001479  006  014  020  014  054  006  014  007  014  041  004  014  007  014  039  011  014  007  014  046  03590  03604  03588  03591
018  001565  025  014  006  014  059  038  014  013  014  079  037  014  031  014  096  039  014  033  014  100  03609  03590  03621  03615
019  001651  032  014  036  014  096  025  014  039  014  092  028  014  029  014  085  021  014  024  014  073  03616  03620  03612  03613
020  001737  020  014  021  014  069  006  014  022  014  056  011  014  013  014  052  007  014  008  014  043  03604  03605  03595  03597
021  001823  003  014  006  014  037  020  014  009  014  057  033  014  010  014  071  039  014  022  014  089  03587  03590  03617  03594  
022  001908  037  014  029  014  094  037  014  032  014  097  028  014  041  014  097  026  014  038  014  092  03621  03613  03612  03625
023  001995  025  014  025  014  078  019  014  023  014  070  007  014  021  014  056  006  014  016  014  050  03609  03609  03591  03605
024  002080  009  014  005  014  042  005  014  006  014  039  015  014  009  014  052  029  014  002  014  059  03593  03589  03599  03593
025  002167  039  014  017  014  084  034  014  030  014  092  039  014  033  014  100  032  014  038  014  098  03623  03601  03623  03617
026  002252  022  014  038  014  088  022  014  028  014  078  023  014  026  014  077  011  014  023  014  062  03606  03622  03607  03610
027  002339  007  014  019  014  054  010  014  007  014  045  005  014  006  014  039  008  014  009  014  045  03591  03603  03589  03590
028  002425  024  014  007  014  059  031  014  007  014  066  034  014  029  014  091  039  014  034  014  101  03608  03591  03618  03613
029  002510  029  014  037  014  094  023  014  041  014  092  022  014  034  014  084  028  014  024  014  080  03613  03621  03606  03618
030  002596  017  014  024  014  069  008  014  030  014  066  007  014  016  014  051  010  014  005  014  043  03601  03608  03591  03600
031  002682  004  014  008  014  040  019  014  007  014  054  030  014  007  014  065  034  014  019  014  081  03588  03592  03614  03591
032  002768  038  014  031  014  097  035  014  034  014  097  030  014  037  014  095  027  014  034  014  089  03622  03615  03614  03621
033  002854  026  014  027  014  081  018  014  022  014  068  010  014  022  014  060  005  014  014  014  047  03610  03611  03594  03606
034  002940  010  014  007  014  045  006  014  006  014  040  012  014  008  014  048  027  014  008  014  063  03594  03591  03596  03592
035  003026  036  014  016  014  080  039  014  031  014  098  035  014  032  014  095  035  014  037  014  100  03620  03600  03619  03616
036  003112  024  014  032  014  084  024  014  031  014  083  024  014  022  014  074  016  014  024  014  068  03608  03616  03608  03606
037  003198  005  014  024  014  057  010  014  008  014  046  002  014  002  014  032  007  014  007  014  042  03589  03608  03586  03586
038  003284  023  014  004  014  055  034  014  010  014  072  037  014  025  014  090  034  014  033  014  095  03607  03588  03621  03609
039  003370  039  014  033  014  100  026  014  037  014  091  025  014  036  014  089  026  014  025  014  079  03623  03617  03609  03620
040  003456  016  014  020  014  064  007  014  024  014  059  010  014  013  014  051  011  014  003  014  042  03600  03604  03594  03597
041  003542  009  014  008  014  045  014  014  008  014  050  033  014  009  014  070  033  014  020  014  081  03593  03592  03617  03593
042  003628  040  014  034  014  102  034  014  030  014  092  031  014  036  014  095  027  014  037  014  092  03624  03618  03615  03620
043  003714  028  014  026  014  082  019  014  023  014  070  009  014  024  014  061  009  014  020  014  057  03612  03610  03593  03608
044  003800  008  014  004  014  040  008  014  007  014  043  013  014  008  014  049  028  014  007  014  063  03592  03588  03597  03592
045  003886  035  014  016  014  079  036  014  035  014  099  038  014  029  014  095  035  014  034  014  097  03619  03600  03622  03613
046  003972  025  014  037  014  090  024  014  030  014  082  023  014  021  014  072  012  014  024  014  064  03609  03621  03607  03605
047  004058  006  014  022  014  056  011  014  012  014  051  009  014  012  014  049  009  014  008  014  045  03590  03606  03593  03596
048  004144  021  014  006  014  055  032  014  007  014  067  031  014  029  014  088  039  014  034  014  101  03605  03590  03615  03613
049  004230  037  014  033  014  098  028  014  042  014  098  024  014  035  014  087  022  014  029  014  079  03621  03617  03608  03619
050  004316  018  014  025  014  071  006  014  025  014  059  004  014  014  014  046  008  014  003  014  039  03605  03609  03588  03598
051  004402  006  014  008  014  042  016  014  007  014  051  031  014  005  014  064  034  014  021  014  083  03590  03592  03615  03598
052  004488  038  014  033  014  099  034  014  035  014  097  031  014  037  014  096  022  014  035  014  085  03622  03617  03615  03621
053  004573  027  014  026  014  081  018  014  028  014  074  012  014  027  014  067  012  014  019  014  059  03611  03610  03596  03611
054  004660  008  014  009  014  045  006  014  009  014  043  010  014  008  014  046  024  014  005  014  057  03592  03593  03594  03592
055  004746  036  014  014  014  078  039  014  027  014  094  037  014  031  014  096  038  014  037  014  103  03620  03598  03621  03615
056  004832  024  014  039  014  091  026  014  031  014  085  021  014  026  014  075  013  014  022  014  063  03608  03623  03605  03610
057  004917  006  014  024  014  058  010  014  013  014  051  008  014  009  014  045  006  014  005  014  039  03590  03608  03592  03593
058  005003  025  014  006  014  059  028  014  010  014  066  031  014  023  014  082  040  014  034  014  102  03609  03590  03615  03607
059  005089  038  014  035  014  101  023  014  044  014  095  025  014  036  014  089  025  014  024  014  077  03622  03619  03609  03620

BYTES=1200
BLOCKS=60
TAIL_BYTES=0
HZ=11.79
A_CH0_MIN=3587
A_CH0_AVG=3631.48
A_CH0_MAX=5118
A_CH1_MIN=3588
A_CH1_AVG=3651.88
A_CH1_MAX=6414
B_CH0_MIN=3586
B_CH0_AVG=3605.67
B_CH0_MAX=3623
B_CH1_MIN=3586
B_CH1_AVG=3605.78
B_CH1_MAX=3625
