IDX  TIME_MS  B0   B1   B2   B3   CH0   CH1
000  000558  021  014  020  014  03605  03604
001  001122  022  014  020  014  03606  03604
002  001683  021  014  021  014  03605  03605
003  002241  022  014  021  014  03606  03605
004  002800  021  014  020  014  03605  03604
005  003359  022  014  020  014  03606  03604
006  003918  021  014  020  014  03605  03604
007  004477  022  014  020  014  03606  03604
008  005036  022  014  020  014  03606  03604
009  005594  022  014  020  014  03606  03604
010  006153  022  014  020  014  03606  03604
011  006712  021  014  020  014  03605  03604
012  007270  022  014  021  014  03606  03605
013  007829  022  014  021  014  03606  03605
014  008388  022  014  021  014  03606  03605
015  008947  022  014  020  014  03606  03604
016  009505  022  014  021  014  03606  03605
017  010064  022  014  022  014  03606  03606
018  010623  022  014  021  014  03606  03605
019  011182  022  014  021  014  03606  03605
020  011741  022  014  021  014  03606  03605
021  012299  021  014  021  014  03605  03605
022  012858  021  014  020  014  03605  03604
023  013417  022  014  020  014  03606  03604
024  013976  022  014  020  014  03605  03604
025  014535  021  014  020  014  03605  03604
026  015093  022  014  021  014  03606  03605
027  015652  021  014  020  014  03605  03604
028  016211  021  014  020  014  03605  03604
029  016770  021  014  020  014  03605  03604
030  017328  022  014  021  014  03606  03605
031  017887  022  014  021  014  03606  03605
032  018446  022  014  020  014  03606  03604
033  019005  023  014  020  014  03607  03604
034  019563  022  014  022  014  03606  03606
035  020122  022  014  021  014  03606  03605
036  020681  022  014  020  014  03606  03604
037  021239  022  014  021  014  03606  03605
038  021798  021  014  022  014  03605  03606
039  022357  022  014  021  014  03606  03605
040  022916  021  014  020  014  03605  03604
041  023475  021  014  021  014  03605  03605
042  024033  022  014  020  014  03606  03604
043  024592  021  014  020  014  03605  03604
044  025151  022  014  020  014  03606  03604
045  025710  022  014  020  014  03606  03604
046  026269  022  014  020  014  03606  03604
047  026828  022  014  020  014  03606  03604
048  027386  022  014  021  014  03606  03605
049  027945  023  014  020  014  03607  03604
050  028504  022  014  020  014  03606  03604
051  029062  022  014  022  014  03606  03606
052  029621  022  014  021  014  03606  03605
053  030180  022  014  021  014  03606  03605
054  030739  022  014  021  014  03606  03605
055  031298  021  014  021  014  03605  03605
056  031856  021  014  021  014  03605  03605
057  032415  021  014  021  014  03605  03605
058  032974  022  014  020  014  03606  03604
059  033533  022  014  019  014  03606  03603

SUMMARY
BYTES=240
PACKETS=60
TAIL_BYTES=0
HZ=1.79
CH0_MIN=3605
CH0_AVG=3605.73
CH0_MAX=3607
CH1_MIN=3603
CH1_AVG=3604.53
